2
3
12
26
32
40
78
89
112
116
120
121
122
123
138
141
144
152
181
191
207
208
210
211
215
219
231
232
235
254
256
257
260
268
278
287
289
294
295
309
314
399
404
418
436
441
447
450
479
488
492
505
509
510
513
517
526
538
544
548
556
558
559
561
562
563
564
571
587
591
603
617
625
626
627
629
631
632
638
642
657
676
682
683
684
699
731
784
794
806
808
810
811
812
818
819
821
823
824
830
832
833
834
835
836
842
843
846
847
883
889
891
905
911
923
930
931
934
938
939
940
945
946
948
949
950
952
954
955
956
959
960
962
963
964
965
966
970
987
991
1012
1013
1018
1026
1028
1033
1044
1051
1055
1056
1059
1066
1074
1077
1113
1115
1118
1120
1123
1126
1128
1146
1150
1151
1152
1153
1154
1156
1158
1160
1162
1163
1165
1167
1168
1172
1173
1174
1175
1177
1179
1180
1181
1183
1184
1185
1189
1191
1196
1197
1198
1206
1208
1211
1215
1221
1225
1226
1232
1240
1247
1248
1252
1268
1270
1271
1272
1273
1274
1276
1287
1299
1303
1317
1319
1320
1324
1326
1355
1368
1371
1391
1392
1393
1394
1395
1396
1397
1398
1399
1400
1401
1402
1407
1408
1409
1410
1411
1412
1413
1414
1417
1418
1419
1420
1421
1422
1423
1424
1425
1426
1428
1431
1433
1435
1449
1450
1451
1453
1458
1466
1468
1469
1470
1471
1472
1473
1474
1475
1477
1478
1484
1485
1486
1505
1507
1515
1517
1528
1535
1536
1539
1557
1565
1571
1577
1583
1584
1595
1596
1604
1617
1620
1625
1656
1659
1662
1675
1677
1679
1690
1700
1702
1713
1726
1737
1740
1754
1765
1766
1769
1770
1771
1772
1777
1779
1780
1781
1782
1784
1786
1798
1801
1802
1803
1804
1805
1806
1807
1808
1809
1810
1811
1819
1823
1843
1844
1853
1866
1873
1898
1903
1910
1911
1915
1916
1918
1926
1929
1930
1932
1934
1936
1947
1956
1959
1987
1989
1991
2016
2030
2031
2059
2065
2066
2076
2077
2079
2089
2090
2104
2105
2126
2129
2131
2143
2154
2166
2173
2178
2180
2182
2185
2186
2189
2196
2214
2221
2222
2253
2263
2267
2276
2280
2285
2290
2291
2296
2299
2308
2310
2321
2324
2341
2353
2356
2359
2360
2364
2366
2370
2373
2377
2378
2379
2380
2381
2383
2385
2386
2388
2389
2391
2406
2417
2419
2432
2433
2434
2435
2436
2437
2438
2439
2440
2442
2445
2452
2454
2455
2457
2458
2459
2460
2461
2462
2463
2464
2465
2467
2469
2471
2472
2474
2475
2476
2477
2479
2480
2481
2482
2483
2485
2487
2488
2489
2490
2491
2492
2493
2494
2500
2504
2508
2527
2528
2532
2534
2535
2538
2540
2547
2549
2550
2551
2552
2553
2554
2555
2556
2557
2560
2561
2563
2564
2570
2585
2595
2596
2597
2599
2601
2608
2619
2627
2630
2632
2661
2662
2668
2676
2677
2682
2683
2687
2688
2691
2692
2702
2714
2718
2728
2729
2734
2736
2738
2739
2740
2741
2742
2745
2746
2747
2748
2749
2751
2753
2755
2756
2764
2772
2774
2776
2785
2786
2788
2789
2790
2791
2792
2795
2798
2799
2806
2807
2809
2826
2828
2829
2830
2831
2833
2834
2843
2847
2849
2850
2851
2860
2861
2862
2867
2868
2869
2870
2871
2872
2873
2874
2879
2880
2881
2882
2883
2888
2891
2892
2893
2897
2903
2904
2915
2920
2922
2931
2935
2936
2937
2938
2940
2942
2943
2950
2959
2970
2972
2974
2975
2980
2981
2983
2984
2987
2988
2989
2990
2991
2992
2993
2994
2997
3001
3007
3008
3011
3012
3014
3015
3016
3024
3033
3037
3046
3054
3055
3071
3072
3075
3077
3082
3086
3087
3089
3097
3099
3101
3105
3106
3107
3113
3120
3123
3124
3134
3137
3139
3140
3141
3142
3144
3148
3149
3150
3151
3152
3154
3156
3158
3162
3179
3181
3198
3199
3200
3201
3202
3203
3205
3206
3207
3230
3232
3242
3244
3246
3248
3250
3251
3252
3253
3254
3255
3256
3257
3258
3259
3260
3261
3262
3263
3264
3265
3266
3267
3269
3270
3271
3272
3273
3274
3275
3276
3283
3296
3298
3301
3304
3310
3316
3317
3320
3323
3326
3335
3339
3340
3347
3350
3351
3360
3364
3368
3369
3375
3376
3377
3380
3382
3383
3385
3387
3389
3391
3392
3394
3395
3396
3397
3398
3399
3400
3402
3403
3405
3408
3410
3411
3415
3417
3418
3419
3423
3424
3425
3436
3442
3447
3452
3457
3458
3462
3464
3466
3467
3468
3469
3476
3485
3488
3498
3502
3504
3506
3509
3510
3511
3514
3515
3518
3522
3527
3532
3533
3535
3537
3538
3540
3541
3544
3546
3547
3553
3554
3555
3556
3558
3559
3560
3561
3562
3563
3564
3565
3567
3571
3573
3575
3576
3577
3578
3580
3581
3583
3584
3585
3587
3588
3589
3592
3593
3599
3600
3601
3602
3604
3605
3606
3608
3609
3610
3612
3613
3614
3615
3616
3618
3624
3625
3626
3628
3629
3630
3631
3634
3635
3636
3638
3639
3644
3645
3655
3657
3658
3659
3660
3661
3662
3673
3683
3691
3700
3706
3708
3709
3711
3715
3716
3717
3718
3719
3728
3730
3746
3757
3762
3767
3768
3771
3773
3777
3778
3779
3787
3788
3791
3795
3801
3805
3807
3808
3813
3814
3818
3822
3824
3825
3827
3829
3831
3832
3833
3834
3835
3836
3842
3846
3849
3852
3854
3855
3856
3862
3867
3868
3869
3873
3874
3875
3878
3891
3892
3898
3904
3910
3918
3921
3925
3937
3938
3940
3946
3948
3952
3955
3956
3964
3968
3971
3976
3987
3988
3990
4025
4026
4033
4034
4049
4050
4051
4052
4067
4075
4076
4077
4083
4086
4103
4104
4110
4111
4112
4134
4135
4143
4153
4154
4155
4169
4170
4181
4183
4195
4199
4217
4219
4223
4224
4246
4247
4248
4249
4262
4263
4289
4290
4291
4292
4293
4295
4296
4298
4299
4300
4306
4307
4315
4316
4317
4334
4335
4336
4343
4344
4345
4346
4349
4350
4351
4352
4353
4360
4361
4363
4364
4365
4381
4382
4383
4385
4386
4387
4388
4389
4390
4391
4417
4427
4430
4431
4433
4434
4435
4436
4437
4440
4441
4442
4443
4444
4445
4446
4447
4450
4451
4452
4455
4456
4457
4458
4461
4462
4463
4464
4465
4468
4469
4473
4474
4475
4476
4507
4508
4513
4514
4517
4518
4520
4521
4522
4544
4545
4548
4565
4566
4610
4611
4616
4617
4631
4632
4633
4636
4649
4650
4651
4689
4690
4691
4692
4693
4694
4695
4696
4699
4700
4707
4708
4709
4710
4711
4716
4717
4718
4719
4722
4723
4732
4733
4734
4737
4738
4739
4740
4741
4742
4743
4744
4745
4746
4747
4748
4749
4750
4751
4752
4753
4754
4755
4756
4757
4758
4759
4760
4761
4762
4763
4764
4767
4769
4770
4771
4772
4773
4774
4775
4784
4785
4786
4787
4788
4789
4790
4791
4792
4794
4795
4796
4797
4802
4803
4808
4809
4820
4821
4829
4832
4833
4834
4835
4836
4840
4841
4842
4843
4844
4845
4848
4849
4850
4851
4852
4853
4854
4855
4856
4857
4858
4859
4869
4870
4873
4874
4878
4879
4880
4881
4882
4883
4884
4885
4886
4887
4890
4893
4894
4895
4896
4899
4900
4901
4904
4905
4907
4914
4916
4925
4926
4927
4928
4929
4930
4931
4932
4933
4937
4938
4939
4940
4952
4954
4955
4956
4957
4966
4967
4974
4976
4977
5000
5001
5002
5003
5006
5007
5008
5014
5015
5020
5029
5042
5043
5044
5059
5060
5061
5074
5075
5083
5084
5085
5086
5100
5101
5102
5103
5104
5105
5106
5112
5130
5131
5132
5134
5137
5138
5144
5149
5150
5151
5152
5153
5154
5155
5156
5157
5160
5179
5180
5181
5184
5185
5192
5193
5194
5195
5196
5197
5198
5199
5200
5203
5204
5210
5211
5212
5213
5214
5215
5216
5220
5221
5224
5225
5226
5227
5228
5229
5230
5231
5236
5237
5238
5239
5240
5242
5243
5244
5245
5246
5247
5248
5249
5250
5251
5252
5253
5254
5255
5256
5257
5267
5268
5269
5270
5287
5288
5291
5297
5298
5299
5300
5301
5302
5306
5314
5315
5316
5320
5321
5322
5323
5324
5325
5326
5329
5330
5331
5332
5333
5334
5335
5338
5339
5342
5343
5344
5345
5354
5356
5361
5362
5363
5364
5372
5374
5375
5376
5377
5378
5379
5380
5382
5383
5384
5385
5386
5393
5394
5401
5402
5403
5407
5408
5410
5411
5412
5413
5414
5415
5418
5419
5438
5439
5440
5441
5446
5452
5454
5455
5456
5457
5458
5459
5460
5467
5468
5469
5473
5478
5479
5498
5499
5500
5511
5512
5518
5525
5526
5529
5530
5531
5548
5549
5550
5553
5554
5556
5557
5566
5570
5594
5599
5600
5603
5604
5605
5622
5623
5624
5636
5642
5661
5662
5679
5686
5687
5688
5693
5694
5697
5698
5701
5715
5716
5719
5720
5722
5723
5724
5725
5735
5744
5745
5773
5774
5777
5796
5826
5827
5842
5845
5846
5849
5853
5854
5855
5856
5857
5858
5868
5869
5940
5941
5943
5944
5953
5957
5958
5961
5962
5977
5980
5981
5983
5993
5994
5995
5996
5997
5998
5999
6001
6002
6025
6069
6070
6086
6087
6088
6089
6147
6162
6164
6165
6166
6167
6168
6169
6175
6176
6177
6178
6179
6196
6197
6198
6216
6219
6223
6231
6232
6235
6236
6250
6251
6252
6288
6289
6293
6294
6295
6296
6297
6312
6382
6386
6387
6388
6439
6440
6459
6505
6541
6542
6548
6574
6575
6576
6601
6623
6632
6638
6639
6686
6704
6750
6751
6753
6774
6775
6791
6792
6803
6804
6805
6806
6807
6808
6811
6812
6825
6830
6831
6838
6885
6886
6902
6905
6906
6907
6908
6909
6910
6911
6912
6913
6920
6921
6923
6928
6949
6950
6951
6956
6961
6975
6984
6987
6988
7026
7029
7030
7031
7032
7035
7054
7055
7065
7066
7080
7095
7096
7097
7098
7119
7120
7123
7124
7125
7127
7128
7129
7130
7131
7132
7133
7136
7137
7138
7162
7163
7164
7176
7177
7178
7179
7180
7182
7185
7186
7196
7198
7199
7212
7213
7214
7215
7216
7217
7224
7225
7226
7227
7228
7229
7231
7232
7234
7269
7270
7273
7274
7278
7280
7286
7323
7324
7325
7326
7331
7332
7333
7334
7335
7336
7343
7345
7348
7349
7350
7364
7371
7372
7377
7378
7382
7388
7390
7391
7392
7398
7399
7404
7405
7412
7413
7414
7415
7416
7425
7426
7427
7428
7429
7430
7433
7434
7435
7436
7437
7438
7439
7440
7441
7447
7448
7460
7461
7462
7463
7464
7470
7471
7474
7475
7483
7484
7485
7519
7520
7521
7522
7523
7528
7544
7548
7550
7554
7555
7556
7565
7566
7579
7580
7605
7606
7607
7648
7649
7650
7651
7652
7653
7654
7655
7656
7657
7658
7659
7660
7661
7665
7666
7667
7672
7673
7674
7675
7676
7677
7678
7681
7682
7683
7684
7685
7686
7687
7688
7693
7694
7695
7705
7712
7713
7714
7717
7724
7738
7739
7742
7743
7746
7747
7753
7754
7759
7760
7763
7764
7767
7768
7769
7770
7771
7772
7778
7780
7784
7785
7789
7790
7798
7799
7801
7806
7810
7811
7815
7816
7825
7829
7833
7834
7838
7839
7840
7841
7848
7849
7850
7851
7852
7857
7858
7859
7862
7863
7864
7872
7874
7875
7878
7879
7880
7881
7882
7883
7892
7895
7896
7897
7898
7899
7900
7901
7902
7903
7904
7920
7921
7924
7925
7926
7927
7970
7973
7974
7986
7993
7994
8000
8001
8013
8021
8022
8038
8039
8040
8041
8042
8043
8044
8064
8065
8069
8070
8071
8074
8093
8094
8119
8148
8155
8156
8162
8163
8164
8165
8169
8170
8174
8179
8184
8194
8195
8196
8199
8200
8201
8220
8223
8229
8230
8231
8232
8233
8234
8235
8236
8237
8238
8239
8240
8241
8243
8252
8255
8284
8285
8287
8288
8289
8290
8291
8302
8303
8304
8306
8307
8310
8312
8341
8356
8411
8412
8413
8414
8415
8416
8417
8418
8419
8420
8421
8422
8423
8424
8425
8426
8427
8428
8432
8433
8435
8440
8441
8445
8446
8457
8458
8465
8471
8472
8473
8477
8478
8479
8480
8481
8482
8488
8490
8500
8501
8502
8503
8504
8513
8520
8534
8541
8542
8543
8548
8549
8563
8568
8578
8591
8595
8599
8600
8602
8603
8604
8605
8606
8622
8624
8628
8631
8633
8640
8643
8645
8647
8648
8649
8653
8654
8674
8711
8716
8717
8721
8722
8727
8728
8729
8733
8740
8749
8751
8752
8753
8781
8793
8804
8819
8835
8836
8837
8838
8844
8845
8846
8847
8849
8850
8851
8852
8853
8854
8857
8858
8859
8867
8868
8869
8871
8873
8874
8875
8876
8877
8878
8879
8883
8885
8887
8888
8898
8905
8906
8909
8910
8911
8912
8913
8914
8915
8916
8917
8922
8925
8926
8932
8933
8934
8935
8936
8958
8962
8963
8965
8966
8980
8981
8985
8990
8991
8999
9000
9001
9010
9019
9023
9024
9031
9032
9035
9036
9039
9051
9052
9061
9062
9063
9064
9066
9078
9082
9086
9087
9088
9089
9092
9098
9100
9105
9107
9110
9128
9136
9137
9145
9155
9156
9157
9158
9160
9167
9173
9210
9211
9235
9236
9238
9252
9253
9269
9287
9288
9302
9305
9306
9307
9308
9318
9319
9325
9326
9337
9338
9343
9346
9347
9348
9349
9350
9351
9352
9377
9380
9383
9387
9390
9391
9392
9393
9394
9395
9396
9410
9427
9428
9431
9438
9448
9449
9452
9454
9455
9456
9459
9460
9474
9475
9491
9501
9502
9533
9535
9536
9537
9538
9539
9541
9543
9545
9547
9552
9553
9554
9571
9572
9574
9576
9586
9587
9614
9615
9618
9619
9620
9621
9626
9630
9631
9632
9633
9638
9655
9656
9661
9669
9672
9675
9676
9694
9695
9696
9697
9698
9699
9706
9708
9709
9710
9711
9718
9735
9736
9739
9740
9751
9752
9761
9762
9763
9778
9779
9782
9791
9795
9796
9801
9804
9807
9810
9811
9812
9815
9816
9817
9819
9820
9822
9823
9832
9837
9838
9845
9846
9848
9867
9868
9881
9883
9887
9895
9896
9897
9899
9901
9909
9910
9911
9912
9913
9918
9919
9920
9922
9928
9934
9938
9939
9940
9941
9942
9943
9944
9948
9949
9952
9953
9954
9962
9963
9970
9972
9973
9982
9989
9998
9999
10011
10012
10013
10028
10032
10033
10034
10035
10041
10042
10044
10046
10050
10051
10052
10053
10054
10055
10058
10059
10064
10066
10067
10068
10071
10072
10073
10074
10081
10082
10087
10088
10101
10105
10106
10107
10113
10114
10115
10120
10121
10130
10131
10132
10133
10134
10135
10136
10137
10138
10139
10140
10148
10149
10150
10151
10157
10158
10186
10187
10188
10189
10190
10198
10199
10207
10217
10218
10265
10270
10277
10281
10292
10305
10312
10313
10322
10388
10389
10390
10391
10392
10393
10396
10397
10398
10399
10401
10402
10403
10404
10408
10409
10410
10411
10412
10413
10414
10415
10431
10432
10435
10436
10437
10438
10439
10440
10441
10445
10446
10447
10451
10457
10458
10462
10463
10464
10465
10466
10467
10469
10479
10481
10490
10492
10499
10500
10501
10504
10505
10506
10507
10508
10509
10513
10514
10515
10516
10517
10518
10519
10520
10521
10522
10523
10524
10525
10526
10527
10528
10529
10530
10531
10536
10537
10538
10540
10546
10547
10558
10559
10576
10594
10595
10604
10624
